height,calib_width
153,128
154,130
155,130
156,132
157,134
158,134
159,136
160,138
161,138
162,140
163,142
164,144
165,144
166,146
167,148
168,148
169,150
170,152
171,152
172,154
173,156
174,156
175,158
176,160
177,160
178,162
179,164
180,164
181,166
182,168
183,170
184,170
185,172
186,174
187,174
188,176
189,178
190,178
191,180
192,182
193,182
194,184
195,186
196,186
197,188
198,190
199,190
200,192
201,194
202,196
203,196
204,198
205,200
206,200
207,202
208,204
209,204
210,206
211,208
212,208
213,210
214,212
215,212
216,214
217,216
218,216
219,218
220,220
221,222
222,222
223,224
224,226
225,226
226,228
227,230
228,230
229,232
230,234
231,234
232,236
233,238
234,238
235,240
236,242
237,242
238,244
239,246
240,248
241,248
242,250
243,252
244,252
245,254
246,256
247,256
248,258
249,260
250,260
251,262
252,264
253,264
254,266
255,268
256,268
257,270
258,272
259,274
260,274
261,276
262,278
263,278
264,280
265,282
266,282
267,284
268,286
269,286
270,288
271,290
272,290
273,292
274,294
275,294
276,296
277,298
278,300
279,300
280,302
281,304
282,304
283,306
284,308
285,308
286,310
287,312
288,312
289,314
290,316
291,316
292,318
293,320
294,320
295,322
296,324
297,326
298,326
299,328
300,330
301,330
302,332
303,334
304,334
305,336
306,338
307,338
308,340
309,342
310,342
311,344
312,346
313,346
314,348
315,350
316,351
317,352
318,354
319,356
320,356
321,358
322,360
323,360
324,362
325,364
326,364
327,366
328,368
329,368
330,370
331,372
332,372
333,374
334,376
335,376
336,378
337,380
338,382
339,382
340,384
341,386
342,386
343,388
344,390
345,390
346,392
347,394
348,394
349,396
350,398
351,398
352,400
353,402
354,402
355,404
356,406
357,408
358,408
359,410
360,412
361,412
362,414
363,416
364,416
365,418
366,420
367,420
368,422
369,424
370,424
371,426
372,428
373,428
374,430
375,432
376,434
377,434
378,436
379,438
380,438
381,440
382,442
383,442
384,444
385,446
386,446
387,448
388,450
389,450
390,452
391,454
392,454
393,456
394,458
395,460
396,460
397,462
398,464
399,464
400,466
401,468
402,468
403,470
404,472
405,472
406,474
407,476
408,476
409,478
410,480
411,480
412,482
413,484
414,486
415,486
416,488
417,490
418,490
419,492
420,494
421,494
422,496
423,498
424,498
425,500
426,502
427,502
428,504
429,506
430,506
431,508
432,510
433,512
434,512
435,514
436,516
437,516
438,518
439,520
440,520
441,522
442,524
443,524
444,526
445,528
446,528
447,530
448,532
449,532
450,534
451,536
452,538
453,538
454,540
455,542
456,542
457,544
458,546
459,546
460,548
461,550
462,550
463,552
464,554
465,554
466,556
467,558
468,558
469,560
470,562
471,564
472,564
473,566
474,568
475,568
476,570
477,572
478,572
479,574
480,576
